   2.0000000e+00   1.6767621e+00  -1.1326975e-01  -5.0304861e-01   1.0659141e-01   2.2143371e-01   6.0180172e-02   2.2850049e-02  -1.3809362e+00  -3.8946960e-02   1.7329469e+00
   2.0000000e+00  -1.0914015e+00  -4.9343654e-01   8.6690540e-02   1.5853457e-01  -1.2267774e+00   2.5434587e-01   1.0296480e+00  -8.8137081e-01  -1.0871369e+00  -1.6613316e+00
   2.0000000e+00  -3.5156316e-01  -8.7083474e-01  -2.4881621e+00  -1.8129539e+00   6.6975473e-01   3.8803602e+00   3.5261056e-01  -9.6881231e-03  -1.1580102e+00   1.0530526e+00
   2.0000000e+00   2.0329576e-01   1.0830425e-01   2.3620431e+00  -8.3247658e-01  -4.3786415e-01  -7.0623205e-01   1.4220932e+00   1.5661607e-02   1.8160783e+00   3.3901167e-01
   2.0000000e+00  -7.3442797e-01   8.6880083e-01  -1.6984103e+00  -7.5717195e-01   4.6730895e-01  -2.0882939e+00  -5.3212918e-01  -6.2657291e-01   2.3525551e+00  -8.2199658e-01
   2.0000000e+00  -2.1024810e+00   1.8012732e+00  -1.3942322e+00   6.0630855e-01   9.7393351e-01   5.4106954e-01  -1.0690680e+00   3.6694744e-01   8.0006094e-01  -1.4470314e+00
   2.0000000e+00  -2.4639195e-01   1.3339601e-01  -1.0122199e-01  -1.0131389e+00   2.4712655e-01   7.9347135e-01  -7.2461761e-01   8.4505384e-01  -5.8530375e-01   6.7373954e-01
   2.0000000e+00  -9.0881204e-01   1.4054493e+00  -9.6037997e-01   1.1051769e+00  -1.2042796e+00   2.0475959e+00  -1.2044048e+00  -3.2404961e-02   1.2691563e-01  -1.6542232e+00
   2.0000000e+00   6.0911769e-01   5.1004339e-01   8.8160291e-01  -1.5554760e+00  -1.7115506e+00   1.8098915e-02   1.7308814e+00   8.3275510e-01  -7.9720151e-01   3.9993846e-01
   2.0000000e+00   2.3982539e-01  -1.6708028e-01   1.7219705e+00   2.9485411e-01  -9.1956514e-01   2.0241418e-01  -2.5300563e+00   9.9428293e-01   1.5944875e-01   2.2334482e+00
   2.0000000e+00   1.0185466e+00   1.6160421e+00  -8.3598389e-01  -7.8515357e-01  -1.7687454e+00  -1.2907655e+00   2.3142520e-02  -7.0769043e-01   1.7909816e+00  -4.5203891e-01
   2.0000000e+00   2.1952755e-01   3.4472382e-01  -2.4886252e-01  -3.2429755e-01   7.1152818e-01  -2.5951439e+00   3.7869882e-01  -3.2948624e-01   8.3941543e-01  -1.1505015e+00
   2.0000000e+00   2.1139988e+00   1.1008611e+00  -1.2934001e+00  -1.1569968e-02  -1.5333702e+00  -8.1992387e-01  -1.2529251e-01  -1.2065876e+00   5.3462620e-01   1.2914835e+00
   1.0000000e+00  -2.6987314e-01  -2.0579688e-01   6.6011974e-02   1.5627929e+00   1.9525197e+00  -4.9272216e-01   3.7219154e-01  -1.0167283e+00   8.1920214e-01   1.0169439e+00
   2.0000000e+00  -1.6784655e+00   1.9926171e+00   1.5995429e+00  -5.0043727e-03  -1.6241755e+00   1.0807142e+00   9.4790094e-01   6.0039602e-02   4.4639784e-01   1.0983816e+00
   2.0000000e+00   1.6815347e-01   1.1061729e+00  -1.2958808e+00  -1.2586635e-01  -9.0763700e-01  -6.1206324e-01  -5.1101877e-01   1.5779685e+00   4.5481301e-01  -1.4136661e+00
   2.0000000e+00   1.1170520e-01  -1.5887946e-01  -8.2111100e-01  -9.7127369e-01  -1.2735015e-01  -7.4512929e-01  -1.7201840e+00  -8.8178446e-01   9.3871881e-01   3.4393269e-01
   2.0000000e+00  -2.2789202e-01   4.8631556e-01   1.2720730e+00  -7.1339209e-01   1.2546146e+00   1.5578371e-01   1.9181346e+00  -1.2230610e-01   8.1987570e-01   7.9118173e-01
   2.0000000e+00  -1.3793067e+00   2.0229649e+00  -2.0934476e+00   2.8053811e-01   1.9444600e-01  -5.3699322e-01   1.3624481e+00   9.6568209e-01   1.2086108e+00  -4.6543416e-01
   1.0000000e+00  -7.0962027e-01   3.0313825e-01   5.3055427e-01  -1.9518044e-01  -2.1727893e+00   4.9273195e-01   1.9291251e+00  -1.6907183e+00   5.3599108e-01  -1.3270232e+00
   2.0000000e+00  -3.5667901e-01  -1.1147976e-01   1.7358679e-01   8.8351718e-01  -1.5831070e+00   2.4322094e-01   7.1735493e-01   3.9366531e-01  -1.8187918e+00   5.2164427e-01
   2.0000000e+00   5.7289560e-01   1.3617691e+00   1.1062219e+00  -1.7102575e+00   2.6625940e+00   7.6167503e-02   1.3745797e+00   1.8494415e+00  -1.3345991e+00  -1.0310059e-01
   2.0000000e+00   4.0775753e-01  -2.5833345e+00   7.0444807e-02  -1.3921300e+00  -5.0118056e-01   2.6652848e-01  -1.4270233e+00   6.6362310e-01   2.5187936e-01  -2.6650170e-01
   2.0000000e+00  -4.8300316e-01  -3.4428925e-01  -6.8146877e-03  -8.1778216e-01  -1.2104260e-01  -9.6962887e-02   1.4830939e+00   1.7603941e+00   6.6244145e-01  -8.4459580e-01
   2.0000000e+00  -1.2379413e+00  -6.9590758e-02   1.9157794e+00  -3.6611227e-01  -7.6430785e-01   1.0339914e+00  -1.8687512e+00   5.0675660e-01  -1.4794945e+00  -6.9125042e-01
   2.0000000e+00  -1.3952354e+00   9.2862168e-01   7.6157649e-01  -2.0193890e-01   1.4860670e+00  -3.1108911e-01   7.2013391e-02  -3.0450473e-01  -1.0225619e+00  -5.9663220e-01
   2.0000000e+00   9.3353734e-01   1.3428364e+00  -9.8250603e-01  -1.9378526e-01  -1.0127229e+00   8.7819224e-01   9.8505534e-02  -1.3848222e+00   1.1279629e+00   1.8380125e+00
   2.0000000e+00  -6.5195985e-02  -1.3233699e+00  -2.0410521e+00  -1.2786278e+00  -6.1220312e-01  -1.5801630e+00   1.3742993e+00  -3.6046486e-01   1.2267855e+00   1.7009981e+00
   1.0000000e+00   6.1963660e-01   4.2217606e-01   1.8087176e-01  -1.4130840e+00  -1.1535446e+00  -7.9266068e-01  -7.4210151e-01   2.1972147e-01  -7.4857108e-01  -1.2285024e+00
   2.0000000e+00  -4.3093623e-01   8.4103152e-01  -1.4087043e+00  -1.7676512e-01  -1.1739557e+00  -8.6174514e-02  -1.1834703e+00   4.7637665e-01   5.2910068e-01   6.7357062e-01
   2.0000000e+00   3.7800898e-01  -1.0284290e+00  -7.9496889e-01   2.1816361e-01   1.6216967e+00  -1.0564408e+00   3.6913144e-01   6.0690532e-01   4.9784412e-01  -1.7998158e-01
   2.0000000e+00   4.0179319e-01   2.4545402e-01   6.9867433e-01   1.4182849e+00   1.4305457e+00   2.0749177e-01   6.6447881e-01   5.3616699e-01   9.6289272e-01   1.3301305e+00
   2.0000000e+00   3.2432369e-01   1.2019480e+00  -6.9118603e-02  -4.4805203e-01   2.9002108e-01  -1.8287139e+00   5.0029166e-01  -3.8110145e-02   1.6260845e-02  -2.5674246e-01
   1.0000000e+00  -9.3932072e-01   8.7824103e-02   5.8314652e-01   1.7284013e-01   3.3334064e-01   1.9849256e-01  -4.6312135e-01  -2.5621687e+00  -4.2221356e-01  -4.6562236e-01
   2.0000000e+00  -1.2102392e+00   7.2685172e-01  -1.0244840e+00  -1.0448085e+00   7.2526056e-01  -2.3682870e-01   1.3103976e+00   6.3734659e-01   3.4415213e-01  -1.2989586e+00
   2.0000000e+00   1.2342869e+00  -6.3822667e-01   2.6352708e+00  -1.1941774e+00  -1.1969655e+00   7.6147475e-01   3.0501123e-01  -1.0951643e+00  -1.3767700e+00   2.3746049e-01
   1.0000000e+00  -8.7962105e-01  -4.2523149e-01   4.7514514e-01   6.4311045e-01  -8.1047422e-01   1.4062674e+00  -7.7208062e-01  -5.6069652e-01  -2.5037250e-01  -1.9834657e+00
   1.0000000e+00   1.7125489e+00  -9.7775664e-01   1.3717125e-01  -1.0646536e+00   1.3653298e+00   2.2312854e-01   2.3393883e-01  -1.4472096e+00  -8.0758958e-02  -7.6358064e-01
   2.0000000e+00  -6.8865229e-01  -2.8577434e+00  -1.4606617e+00  -1.6365634e+00   1.0256395e+00   1.5306379e+00   1.0625389e+00   1.7803456e+00  -4.3105558e-01  -3.6789126e-01
   2.0000000e+00  -4.1622669e-01   5.3575703e-01   6.6573615e-01   1.7260623e+00   8.5345059e-02  -1.2594405e+00  -2.4660844e-01  -1.2472252e+00   1.2552619e+00   5.6631050e-01
   2.0000000e+00   1.0334967e+00   3.3138712e-01   1.8382080e+00   3.4060601e-01  -1.2520170e+00   6.2356240e-01  -1.1171217e+00   1.5186273e+00   1.7419887e-01   6.5001395e-01
   2.0000000e+00  -9.7540252e-01   6.6961058e-01   6.8913594e-01   5.7636694e-01  -7.6456733e-01  -3.1134671e-01  -9.9013264e-01  -1.0720948e+00  -1.2790247e+00   3.7127984e-01
   2.0000000e+00  -3.7649442e-01   5.2735217e-01  -4.0732794e-01   6.3898879e-01   1.8778694e+00  -1.5097529e+00   2.6100761e-01  -1.2245327e+00  -1.2169588e+00  -2.4548095e-01
   1.0000000e+00  -1.4086691e+00  -1.3289091e+00   5.1065026e-01  -5.1205504e-01  -7.2576279e-01  -7.2624856e-01  -5.3074670e-01   7.1517059e-01   6.3206244e-01  -6.0354265e-01
   2.0000000e+00  -3.0666640e-01   2.8840550e-01   5.2856463e-01  -1.1952702e+00   1.1366079e+00   7.1482697e-01   9.2848227e-01  -1.4875419e-01  -1.3288501e+00   1.6294458e+00
   2.0000000e+00   8.7563761e-01   5.6089444e-01   1.2480794e+00   1.6238803e+00   8.5080249e-01  -5.3792362e-01  -3.2121041e-01  -9.2825730e-01  -2.4647045e+00   3.9903230e-01
   2.0000000e+00   2.7697693e-01  -1.1196554e-01   5.2246115e-02   5.4678366e-01   1.1397606e+00   5.7134806e-01  -9.7441749e-02  -2.0461501e-01   9.8710310e-01   4.3448662e-01
   2.0000000e+00   6.1009143e-01  -6.5299681e-02   1.0679632e+00   1.8536200e-01   7.6878385e-01  -4.9203198e-01   9.4670382e-01   3.6636350e-01  -4.7866895e-01  -3.6510026e-01
   1.0000000e+00   1.1179769e+00   1.0759832e+00   3.9881569e-01   7.9531924e-02  -1.8013104e+00   1.3549042e-01  -7.3150718e-01  -1.4730660e+00   6.3161574e-01  -2.5503090e+00
   2.0000000e+00  -1.3884137e+00   1.9796555e+00   9.2482809e-01   5.1514595e-01   3.7147951e-02  -1.4670914e+00  -2.6706997e-02  -1.2436863e+00  -5.5641038e-01  -6.2317610e-02
   2.0000000e+00  -5.0730097e-01  -1.4117627e+00   9.9194927e-01   1.1023688e+00   1.0418130e+00  -1.9622539e-01   9.7624019e-01   7.7818928e-01   3.4207909e-02  -9.8324096e-01
   1.0000000e+00   2.1364796e+00   1.3582062e+00   4.0662019e-01   2.0473911e-01   1.2985467e+00   1.7775191e+00  -7.6509718e-01   9.4912522e-01  -4.5113725e-02   1.0163401e+00
   2.0000000e+00   6.3677160e-01  -3.1806684e-01   8.4123421e-01   4.6424841e-01   3.2891769e-01  -5.3209318e-01   4.3296546e-01   2.7578514e-01  -6.3205077e-01  -5.4492038e-01
   2.0000000e+00   4.7086907e-01  -5.9933349e-01  -6.7378311e-01   3.2950838e-01   6.3448540e-01   9.6974625e-01  -9.7949067e-01   7.2450152e-01  -4.1828000e-01   2.9601435e-01
   2.0000000e+00   3.3389068e-01  -9.1200909e-01  -1.1201950e+00  -5.1366358e-01  -2.1391428e-01  -9.9460568e-01  -9.8983018e-01   2.1701265e+00   7.4219611e-01  -1.2697182e+00
   2.0000000e+00   6.0233018e-01   1.8396377e+00  -5.3768325e-01   8.2075285e-02  -9.0908387e-01  -1.2622890e+00   6.3429554e-01   3.2938768e-01  -4.9816130e-01  -1.2539952e+00
   1.0000000e+00   6.4632087e-01   6.4238842e-01   4.6012593e-01  -8.9911446e-01   1.0556278e+00  -5.8644411e-01  -2.6271151e-01  -3.3416804e-01  -6.5797059e-01   2.5565341e-01
   2.0000000e+00  -1.4614280e-01  -7.0285421e-01  -7.0804155e-01   1.3111460e+00  -1.1054878e+00  -1.6546030e+00   8.7686461e-01   2.2693345e-01  -8.7302173e-01   1.8839903e+00
   2.0000000e+00   1.2017864e+00   4.7015899e-01  -8.3309817e-01  -1.6832178e+00  -6.0919883e-01  -3.8826513e-01  -1.7114243e+00   5.0353427e-01   8.3221468e-01  -7.5328826e-01
   2.0000000e+00   4.1258148e-01  -2.0471009e+00   2.9764680e-02   3.7191665e-01   3.2160350e-01   1.2883971e+00  -2.3506711e-01   1.0416845e+00   3.7781780e-01  -3.2126714e-01
   2.0000000e+00   7.4579098e-01   1.0416433e+00  -1.3176844e+00   3.0309712e-01   6.6004847e-01  -5.8660247e-02   8.0163007e-01   6.8362194e-01  -1.8701167e-01  -7.7825485e-02
   2.0000000e+00   1.3472494e+00  -5.7178596e-01  -7.6705675e-01  -7.9152845e-01   5.7292112e-01  -8.1604906e-01   1.6044104e-01   6.4308860e-01   2.6220322e+00   1.3542588e+00
   2.0000000e+00  -9.2605962e-01   4.4417997e-01  -1.3961824e+00   1.1986113e+00   1.1976021e+00  -1.1821565e+00   1.9513772e+00   4.7934288e-02   4.0859753e-01  -2.9767771e+00
   2.0000000e+00  -4.6891914e-01  -1.7669371e-01  -2.7866193e-01  -4.8395968e-01  -8.3100379e-01  -1.1581248e+00   6.8483419e-01   1.2402834e+00   4.0925909e-01  -1.1691899e+00
   2.0000000e+00  -7.3984043e-01   1.2780130e+00   4.8493956e-01  -1.1108524e+00   6.6774520e-01  -1.1522036e+00   8.0131702e-01   1.0688658e-01  -1.3458316e+00   3.0851395e-02
   1.0000000e+00   1.4221475e+00  -2.4613064e-01   5.1377404e-01  -3.8774835e-01  -1.7053597e-02  -1.4933262e+00   1.0651449e-01   3.0813660e-01   5.9381361e-02  -4.2030912e-01
   2.0000000e+00  -1.4533001e+00   8.1456493e-01   6.2048762e-01   9.1819315e-01   1.2942614e+00   1.7538607e+00   2.4645024e-01  -7.4900925e-01   1.2310244e+00   8.8848923e-01
   2.0000000e+00   5.2202064e-01  -1.1363474e+00  -2.0247117e+00   4.6008765e-01  -1.1618189e+00  -3.6161430e-01   8.2426338e-01  -8.3019081e-01   1.3337769e-01   1.5773255e-01
   1.0000000e+00  -1.9461144e+00  -1.7474763e-01   6.5010335e-01   1.1188717e-01   2.6970780e+00   1.1807146e-01   1.2565827e+00  -1.0523644e+00   2.1274625e-01   8.0446024e-01
   1.0000000e+00   1.7347035e-01   3.1663617e-02   1.7366680e-02   4.6384609e-01  -1.8191131e-01   1.2339673e-01  -1.8551273e+00  -5.3202992e-01   8.1836854e-01  -2.0862326e+00
   2.0000000e+00  -5.5372244e-01   1.8752012e+00   6.6796922e-01  -1.2481902e+00  -2.0627374e+00   1.0751403e+00   1.2136646e+00  -1.8809208e-01  -1.5414802e+00  -8.5637319e-01
   2.0000000e+00   1.6025605e+00   3.9482778e-01  -8.0813658e-01  -3.7244742e-01   4.1189987e-01   9.6925593e-03  -3.1246798e-01  -4.2454278e-01   1.2850235e-01  -1.3220251e+00
   2.0000000e+00   2.9853332e-01   1.6756672e+00  -5.6474982e-01   3.5788931e-01  -7.6522301e-02   6.9704397e-02   2.0057772e+00  -1.7208996e+00   2.5444366e-01  -5.5224104e-01
   2.0000000e+00   3.5932105e-01  -7.9648129e-01  -9.0608605e-01   2.0250058e+00   1.6105041e+00   5.4654819e-01   3.7549055e-01  -7.9512797e-01   6.9723251e-02   1.1802015e+00
   2.0000000e+00   2.7308222e-01   9.5036912e-02  -9.3761493e-01  -4.9890316e-02  -3.1771687e-01   3.7322571e-01   1.5485824e+00  -1.1871023e+00  -5.2292247e-02   7.6863177e-02
   2.0000000e+00  -4.6578201e-01   2.7076876e-01  -9.7502012e-01   2.5761485e-01  -1.1446131e+00  -1.3132018e+00   1.2249896e+00   1.1103358e+00   7.8878714e-01   7.9239075e-01
   2.0000000e+00  -3.3398832e-01   8.8291003e-01  -8.6036775e-02   6.4371252e-01   5.7830457e-02  -2.0680971e-01  -5.8060539e-01  -1.1337114e-01   7.9151769e-02  -1.0672328e+00
   2.0000000e+00  -5.8901600e-01  -2.1282870e-01  -9.6824708e-01   2.7800060e-01  -1.9831567e+00  -5.0861377e-01  -3.7906912e-01  -1.2052104e-02   4.6516647e-01   5.0176289e-01
   2.0000000e+00  -1.4160276e+00  -4.8342066e-01  -9.4410185e-02   1.2756799e+00   9.0049712e-01   2.3945135e-01  -1.4207159e+00   2.5582980e+00   2.9948650e-01   7.8524833e-01
   2.0000000e+00   1.2681128e+00   1.4172404e+00  -9.9623529e-01  -2.8276913e-01  -9.9951730e-01  -4.1391156e-01   4.4104253e-01   3.6955071e-01   1.3467418e+00  -6.8613231e-01
   2.0000000e+00   6.6182802e-02  -1.9884095e+00   1.2277234e+00   2.2896836e-01   9.8455979e-01   1.0321089e+00   1.1117292e-01   9.6252252e-01   5.7468066e-01  -5.2246673e-01
   2.0000000e+00  -4.6737070e-01  -1.0168281e-02   1.5768677e+00  -3.1039654e-01  -8.0796691e-01  -1.0170468e+00   1.6818658e-01  -5.4208912e-01  -1.5802698e+00  -1.9555219e+00
   2.0000000e+00  -1.7064159e+00  -1.9525387e-01  -7.5076770e-01  -2.9992193e-01   6.5256324e-01  -6.2983516e-02  -5.9308930e-01  -1.7382715e-01   7.4199969e-01   7.9733277e-01
   2.0000000e+00  -4.2318834e-01  -1.9265473e-01   1.0409034e+00   4.5740445e-01   2.0294964e+00   8.0086331e-01  -2.9853236e+00  -1.0500380e+00  -4.7621809e-01  -4.2622090e-02
   2.0000000e+00  -8.9498574e-01   1.6717630e+00  -9.3708701e-01   8.8421036e-01   1.8728172e-01   2.0560389e-01  -4.1753425e-01  -2.1636068e-01  -1.9143583e+00   1.3016411e-01
   2.0000000e+00  -8.1503824e-01   1.3171133e+00  -1.3612115e+00   1.9704507e+00   7.1614741e-01   1.5410724e-01   6.8713309e-01   8.5722379e-01   2.3141014e+00   6.4849848e-01
   2.0000000e+00  -6.4702150e-01   4.7829459e-01  -7.5710287e-01  -1.1728057e+00  -2.0881279e+00  -1.0914855e+00  -6.1394155e-02   1.5650892e-02  -7.2806031e-01   1.9952376e-01
   1.0000000e+00   9.0850641e-01  -1.8261568e+00   3.2757353e-01  -1.0772727e+00  -4.8677130e-01   6.6543677e-01   4.6637979e-01  -3.2790902e-02  -5.7066438e-01  -8.4204310e-01
   2.0000000e+00   7.3669124e-01  -8.7206029e-01  -9.5993125e-01   9.1360104e-01   1.7211238e-02  -2.5587569e-01   3.4424697e-01   8.3068022e-01  -3.5268387e-01   4.4410002e-01
   1.0000000e+00   9.6610239e-01  -1.5294266e+00   2.9369151e-01  -1.5407501e-01  -1.5616934e+00   1.2754589e+00   9.4097060e-02  -2.7569112e-01  -3.0070326e-01   1.8399204e-01
   1.0000000e+00  -1.9434743e+00  -3.9916206e-01   2.8486366e-01   4.4953412e-02  -8.5234702e-01  -5.2201177e-01  -5.3516758e-03  -2.5296324e-01   8.2103730e-01  -1.3008607e-01
   2.0000000e+00  -5.5037484e-01   1.3198818e+00   4.9787914e-01  -9.4623288e-01  -2.0031086e-02   2.4355744e+00   1.2312383e+00   1.5256365e-01  -8.7667924e-01  -6.4728345e-02
   2.0000000e+00   2.2646795e-01  -1.2612237e+00  -1.4631439e+00   6.0910714e-01   1.4361850e-01  -3.3014220e-01  -1.0947865e+00   7.5159797e-01   9.4328903e-01   9.0025873e-01
   2.0000000e+00   7.5350121e-01   1.0457559e-01   1.3032852e+00   6.1430316e-01  -7.4210132e-01   4.2203046e-01   1.0527315e+00   7.0417171e-01   1.2867728e+00   9.8945397e-01
   2.0000000e+00   9.8444726e-01  -1.4090734e+00   1.2069407e+00  -6.1389456e-01   1.2796061e+00   1.0034338e-01   8.6332401e-01   3.1064792e-01  -7.1825110e-01  -2.2580576e-02
   2.0000000e+00   3.4957781e-01   4.5809515e-02  -1.8618190e+00   1.1076771e-02  -1.1988951e+00   8.8364432e-01   1.8203177e-01   3.1972836e-01   2.6683924e-01  -1.3901111e+00
   2.0000000e+00  -3.7769770e-01   7.4310353e-02   1.5173686e+00  -2.1905837e+00   2.0300229e-01  -1.5940267e+00  -2.4962556e-01  -4.1139455e-01   2.2299013e+00   1.4461833e+00
   2.0000000e+00  -6.0678189e-03  -5.5570887e-02  -1.2581216e+00   6.6351915e-01  -8.4154452e-01   1.2782511e-01   1.7558265e+00   3.7384460e-01   7.1563974e-01  -1.1546915e+00
   2.0000000e+00   1.9585248e-01   5.4730305e-01  -3.6946926e-01   1.5682840e+00  -1.7365206e+00  -1.8621918e+00  -1.7926697e-01  -1.7334861e+00  -4.9101083e-02   1.0318038e+00
   2.0000000e+00   2.0124617e-01  -2.8577353e+00  -4.2978075e-01   3.1734651e-01   2.5030293e-01  -6.7810756e-01   7.0841994e-01  -4.3566732e-01  -1.4152172e+00  -1.4578649e+00
